09450416292
09450418284
09450418326
09450418336
09450418275
09450418885
09450418589
09450415333
09450417308
09450418278
09450418870
09450417305
09450417216
09450417211
09450419825
09450419743
09450418810
09450418814
09450418326
09450419847
09450466065
09450462482
09450461616
09450467487
09450466390
09450469264
09450467997
09450466065
09450463889
09450463910
09450466592
09450469688
09450464797
09450465390
09450468344
09450466590
09450468690
09450468686
09450467940
09450463707
09450460387
09450466337
09450465390
09450460543
09450467937
09450467301
09450469739
09450461522
09450460696
09450467360
09450468304
09450466630
09450466300
09450467681
09450468373
09450466406
09450469688
09450463910
09450460820
09450460826
09450467280
09450464797
09450469036
09450460633
09450469037
09450469164
09450463776
09450466566
09450467920
09450467240
09450464298
09450464437
09450469048
09450466630
09450466611
09450466337
09450467927
09450467940
09450466274
09450467494
09450465634
09450466501
09450467270
09450465599
09450464539
09450464298
09450466338
09450467408
09450466509
09450464239
09450460579
09450464629
