09450593927
09450595098
09450594032
09450590555
09450595799
09450599819
09450590411
09450594123
09450599330
09450593007
09450597918
09450591632
09450592112
09450599234
09450598426
09450591163
09450592963
09450592957
09450596769
09450592801
09450599529
09450593020
09450595807
09450597925
09450590530
09450598729
09450598629
09450591823
09450590142
09450598311
09450590160
09450598168
09450598081
09450596980
09450599528
09450591762
09450594546
09450597112
09450597062
09450590679
09450597693
09450593295
09450598559
09450598930
09450599091
09450596578
09450599063
09450593062
09450593766
09450596409
09450598427
09450593197
09450594986
09450592314
09450592283
09450594496
09450595729
09450598243
09450599195
09450597060
09450590536
09450592557
09450596945
09450592741
09450596536
09450595096
09450591598
09450590568
09450591799
09450595732
09450590717
09450591729
09450594988
09450599607
09450595042
09450592630
09450591515
09450598563
09450590958
09450598428
09450595098
09450598041
09450595674
09450597649
09450590259
09450590405
09450594045
09450597598
09450594937
09450596844
09450591523
09450599498
09450597147
09450594285
09450598965
09450590198
09450599682
09450591808
09450598735
09450592359
09450591280
09450594439
09450599729
09450596824
09450592144
09450592315
09450595643
09450594121
09450597698
09450591081
09450594265
09450592067
09450596889
09450591476
09450596070
09450593938
09450598736
09450591799
09450592588
09450596824
09450590567
09450595415
09450594184
09450596881
09450594265
09450593809
09450593900
09450594881
09450592631
09450598477
09450590188
09450595671
09450591810
09450597723
09450594842
09450591827
09450599497
09450590431
09450598032
09450594526
09450591788
09450592841
09450594206
09450599029
09450593117
09450591674
09450598876
09450599883
09450596359
09450593025
09450596828
09450593474
09450590735
09450598684
09450591873
09450598966
09450598394
09450592204
09450598450
09450598058
09450591469
09450591400
09450597266
09450593216
09450595034
09450593104
09450590511
09450592984
09450591618
09450591831
09450590819
09450598208
09450593053
09450598272
09450594993
09450594691
09450599081
09450595624
09450591160
09450594832
09450591833
09450598269
09450590432
09450598269
09450595836
09450595688
09450592238
09450592854
09450592599
09450591240
09450593900
09450591967
09450598646
09450599622
09450599793
09450590488
09450591449
09450590866
09450593014
09450590377
09450590366
09450593474
09450599252
09450590791
09450591668
09450598747
09450597634
09450594483
09450597124
09450597558
09450596707
09450594906
09450592962
09450592965
09450594526
09450592688
09450597692
09450596740
09450595098
09450593020
09450595945
09450598225
09450593927
09450596398
09450596065
09450598960
09450595475
09450599897
09450593173
09450598943
09450594166
09450592412
09450597405
09450598053
09450593867
09450596578
09450593097
09450590448
09450591817
09450595965
09450595415
09450594952
09450596339
09450594022
09450594022
09450590458
09450591266
09450597867
09450598398
09450598130
09450594032
09450597521
09450596856
09450598760
09450592314
09450590682
09450597374
09450593038
09450593729
09450594285
09450593474
09450593963
09450597176
09450599529
09450594016
09450592836
09450594551
09450595521
09450592732
09450592703
09450599786
09450595919
09450598239
09450590965
09450597506
09450593470
09450594986
09450594016
09450590690
09450598851
09450593161
09450595748
09450593161
09450596962
09450597143
09450598941
09450594724
09450590883
09450594899
09450595808
09450593901
09450595624
09450594277
09450596699
09450591178
09450591632
09450594034
09450599749
09450595536
09450599561
09450593022
09450590248
09450593729
09450595454
09450591704
09450591724
09450597439
09450593413
09450597261
09450595777
09450592710
09450592821
09450595979
09450599208
09450592259
09450596701
