09450558198
09450558781
09450556504
09450554287
09450554919
09450557818
09450551735
09450553106
09450551048
09450558604
09450553598
09450556834
09450551908
09450556096
09450554244
09450559216
09450559549
09450559565
09450559847
09450550484
09450555583
09450558115
09450557558
09450554958
09450559665
09450552288
09450556341
09450550386
09450550277
09450554940
09450557656
09450550080
09450551083
09450557862
09450554653
09450553448
09450553171
09450550546
09450558811
09450552858
09450550240
09450558030
09450553236
09450551954
09450553106
09450559966
09450559027
09450551067
09450558555
09450553929
09450554344
09450550645
09450554505
09450551949
09450554959
09450554287
09450551066
09450559323
09450553601
09450550770
09450556702
09450550955
09450558022
09450559470
09450551351
09450555404
09450555112
09450553383
09450553278
09450554136
09450559687
09450552969
09450554966
09450553866
09450558058
09450550366
09450556516
09450558648
09450555881
09450550433
09450555465
09450557329
09450557658
09450552330
09450557330
09450559020
09450556698
09450554909
09450556817
09450555090
09450559646
09450554549
09450559297
09450554194
09450550518
09450550469
09450553163
09450557204
09450550293
09450551067
09450554413
09450553626
09450553719
09450559469
09450557807
09450552778
09450557787
09450553906
09450553806
09450550817
09450551674
09450557340
09450550260
09450550517
09450552196
09450553831
09450556179
09450550250
09450556577
09450553963
09450553863
09450554947
09450556990
09450555335
09450554557
09450559682
09450559118
09450550726
09450552992
09450552158
09450553845
09450559169
09450554572
09450551046
09450559549
09450559830
09450555271
09450555319
09450551265
09450550864
09450551992
09450550605
09450556224
09450556420
09450555343
09450557808
09450554404
09450554692
09450553722
09450550618
09450550521
09450550240
09450556799
09450558287
09450554196
09450551968
09450550797
09450553590
09450553624
09450554603
09450559481
09450553633
09450556265
09450557968
09450552144
09450558848
09450552610
09450553977
09450558081
09450558133
09450559014
09450555047
09450552731
09450550286
09450555504
09450553008
09450551073
09450559397
09450557337
09450559211
09450550376
09450559062
09450551874
09450553500
09450553503
09450551788
09450559859
09450550980
09450554913
09450551769
09450554458
09450555338
09450550705
09450557297
09450552839
09450550202
09450550506
09450554688
09450559663
09450558283
09450556702
09450559333
09450554668
09450556228
09450554853
09450557586
09450556130
09450551768
09450551841
09450556765
09450553038
09450550708
09450550976
09450550792
09450556611
09450559365
09450558037
09450553681
09450555855
09450551669
09450557869
09450556344
09450553954
09450550804
09450554897
09450552992
09450554484
09450559440
09450552721
09450554296
09450550396
09450550236
09450554342
09450553285
09450554855
09450550998
09450550357
09450559773
09450554352
09450552808
09450553177
09450553014
09450554052
09450558238
09450556706
09450556285
09450558519
09450559978
09450557834
09450554646
09450556379
09450555385
09450559430
09450555230
09450555916
09450552885
09450554032
09450551043
09450554645
09450556028
09450554948
09450552866
09450559410
09450553702
09450550752
09450550644
09450550745
09450551674
09450555088
09450554162
09450559040
09450559830
09450551759
09450556859
09450550073
09450556689
09450556420
09450554455
09450552280
09450550979
09450556339
09450558999
09450551557
09450555343
09450556954
09450559701
09450553345
09450559405
09450555343
09450556557
09450559644
09450553275
09450558768
09450557818
09450555292
09450554346
09450551669
09450556347
09450557493
09450553233
09450550185
09450559646
09450555577
09450550351
09450556265
09450558182
09450557539
09450553315
09450551823
09450557391
09450559867
09450552887
09450550542
09450558666
09450552711
09450555520
09450558646
09450551401
09450558648
09450556586
09450557256
09450553389
09450556504
09450557574
09450556162
09450550128
09450552398
09450553739
09450558863
09450555324
09450555915
09450551026
09450552995
09450556772
09450557630
09450553027
09450557723
09450554285
09450553310
09450553729
09450550684
09450550205
09450554047
09450555514
09450553811
09450555311
09450553513
09450557118
09450559120
09450557004
09450556689
09450559449
09450556671
09450555399
09450554296
09450558065
09450553196
09450556961
09450559502
09450555330
09450550287
09450550716
09450554659
09450553795
09450559445
09450552752
09450559052
09450553448
09450556103
09450550674
09450556577
09450554344
09450553922
09450559280
09450557226
09450559674
09450554425
09450551717
09450550239
09450552683
09450552985
09450553437
09450552735
09450557006
09450557391
09450552743
09450558301
09450554642
09450558800
09450557330
09450550745
09450552721
09450550750
09450551802
09450554805
09450559251
09450559521
09450551997
09450550784
09450550445
09450554109
09450553035
09450559009
09450559707
09450556165
09450550228
09450556370
09450557655
09450556480
09450553887
09450554188
09450559763
09450557955
09450554025
09450550493
09450556612
09450554334
09450556341
09450552761
09450552788
09450554964
09450552992
09450551768
09450557184
09450556840
09450557619
09450556912
09450552997
09450551849
09450554207
09450555053
09450556839
09450552500
09450557327
09450554957
09450555330
09450551643
09450554025
09450552737
09450550699
09450556162
09450552802
09450559269
09450557007
09450550859
09450557359
09450555538
09450557061
09450554868
09450550956
09450558041
09450551077
09450556165
09450557815
09450554391
09450553962
09450556594
09450555393
09450558137
09450556434
09450556466
09450550544
09450558983
09450556571
09450550238
09450559087
