09450347672
09450344367
09450342955
09450344065
09450344986
09450340502
09450349077
09450349018
09450347907
09450349676
09450343470
09450343883
09450347905
09450344986
09450344330
09450348556
09450340556
09450342906
09450347967
09450344713
09450347957
09450347957
09450348327
09450348239
09450344982
09450348239
09450342074
09450347295
09450344310
09450347866
09450349754
09450340190
09450344323
09450343084
09450347864
09450347912
09450344250
09450344267
09450349447
09450348740
09450349700
09450343084
09450347499
09450340606
09450344699
09450347839
09450349776
09450341170
09450342901
09450348316
09450347409
09450342912
09450349742
09450346760
09450344323
09450343859
09450344260
09450344230
09450349743
09450342936
09450349722
09450343897
09450347397
09450344262
09450344750
09450344080
09450344169
09450347910
09450344699
09450349252
09450348394
09450349189
09450342359
09450344710
09450344267
09450349318
09450349743
09450342974
09450348478
09450344672
09450344710
09450349150
09450344260
09450343192
09450344630
09450340190
09450344198
09450344637
09450344951
09450344362
09450342932
09450342971
09450344986
09450349740
09450342972
09450346280
09450342968
09450348540
09450344198
09450344729
09450342911
09450347324
09450342971
09450348378
09450347498
09450342987
