09450418928 x
09450418363 x
09450418305 x
09450419576 x
09450417188 x
09450418827 x
09450418252 x
09450418240 x
09450418376 x
09450418862 x
09450418656 x
09450420177 x
09450426898 x
09450425693
09450423076
09450426643
09450427396
09450429178
09450420697
09450426585
09450420237
09450425150
09450426541
09450424787
09450420235
09450420777
09450425717
09450425728
09450427244
09450420331
09450427473
09450422669
09450427448
09450426801
09450426480
09450422273
09450420569
09450426902
09450427507
09450420247
09450425119
09450427607
09450427358
09450426166
09450420849
09450426266
09450425075
09450422070
09450428820
09450422710
09450424835
09450420337
09450420479
09450424834
09450426592
09450425619
09450420326
09450420684
09450424704
09450424905
09450426560
09450427436
09450428386
09450427180
09450420379
09450426544
09450424858
09450420596
09450426051
09450428975
09450427853
09450422768
09450429479
09450426454
09450424390
09450424624
09450424928
09450426767
09450424797
09450422918
09450428846
09450426979
09450429810
09450424908
09450426629
09450426829
09450424847
09450420522
09450421432
09450426945
09450423057
09450426764
09450427967
09450427390
09450426886
09450426725
09450425061
09450425727
09450420408
09450426687
09450420686
09450422679
09450423064
09450420535
09450427869
09450421198
09450423355
09450427148
09450424159
09450423130
09450442740
09450447337
09450444639
09450449448
09450445109
09450445104
09450445097
09450444831
09450445419
09450440478
09450447351
09450445352
09450446270
09450449316
09450445951
09450446172
09450447468
09450447199
09450448367
09450445942
09450449316
09450445385
09450446668
09450446946
09450444734
09450446474
09450445377
09450447184
09450446311
09450449073
09450446771
09450449152
09450449371
09450443177
09450445969
09450445734
09450449698
09450445406
09450446609
09450445948
09450448219
09450444911
09450446145
09450443492
09450444895
09450447118
09450444574
09450445911
09450445527
09450445472
09450447638
09450446182
09450447928
09450446182
09450448367
09450449357
09450449379
09450441681
09450447843
09450445921
09450446432
09450447806
09450446436
09450446668
09450444891
09450449755
09450445709
09450446955
09450443175
09450449460
09450445937
09450446327
09450449256
09450446152
09450445385
09450445166
09450444742
09450440988
09450444914
09450445109
09450445854
09450449781
09450445795
09450446386
09450446144
09450444933
09450445604
09450444566
09450445844
09450445407
09450449394
09450444939
09450447629
09450445204
09450445772
09450448800
09450445933
09450446581
09450448150
09450448042
09450448944
09450445518
09450445725
09450447349
09450449782
09450444594
09450444873
09450446483
09450445384
09450444897
09450445922
09450448223
09450445593
09450446153
09450445724
09450447241
09450445933
09450449152
09450445951
09450448034
09450449364
09450446145
09450444904
09450445108
09450446287
09450446356
09450446873
09450445306
09450447222
09450445963
09450446270
09450447366
09450449481
09450447607
09450447192
09450445635
09450446164
09450446280
09450445836
09450447417
09450447196
09450445595
09450444749
09450445363
09450447292
09450448392
09450449830
09450446314
09450448024
09450448711
09450445534
09450445470
09450449361
09450440580
09450447971
09450445357
09450448475
09450443622
09450445793
09450445601
09450446194
09450445444
09450446699
09450446935
09450446281
09450444874
09450446699
09450445972
09450445366
09450448472
09450445397
09450448842
09450446962
09450444496
09450445825
09450444833
09450448944
09450445300
09450443796
09450449350
09450446270
09450445971
09450445416
09450444937
09450445825
09450447499
09450445257
09450444937
09450446314
09450446144
09450445420
09450445392
09450445774
09450448234
09450446465
09450444905
09450445160
09450449782
09450448378
