09450548461
09450546922
09450545860
09450542953
09450541099
09450544185
09450548702
09450546115
09450546094
09450545090
09450549097
09450549035
09450549956
09450548220
09450549565
09450546071
09450544974
09450540343
09450542396
09450549019
09450540310
09450548612
09450549792
09450543915
09450545773
09450546505
09450544126
09450546712
09450546817
09450540365
09450542978
09450541876
09450540394
09450545137
09450541567
09450540263
09450540216
09450546166
09450546372
09450549822
09450540020
09450545156
09450544210
09450543909
09450543915
09450543831
09450549308
09450540720
09450549126
09450547656
09450547139
09450543063
09450540365
09450548933
09450545307
09450549219
09450541629
09450540348
09450543241
09450549742
09450548797
09450543785
09450543353
09450548699
09450543951
09450544458
09450544145
09450546427
09450541087
09450548376
09450543295
09450548685
09450543347
09450549695
09450542203
09450546058
09450541912
09450547791
09450541804
09450540291
09450548619
09450543044
09450544592
09450543882
09450546484
09450544564
09450545925
09450541105
09450548353
09450549168
09450546435
09450549008
09450545587
09450548295
09450542261
09450540591
09450543401
09450546529
09450544543
09450540403
09450546378
09450541252
09450541654
09450549929
09450548612
09450540850
09450547662
09450548406
09450543195
09450540641
09450541807
09450546445
09450547116
09450542454
09450541696
09450545654
09450541640
09450544643
09450548696
09450541781
09450543840
09450544717
09450544656
09450544268
09450545562
09450547056
09450541815
09450543063
09450545838
09450544241
09450544734
09450542329
09450543203
09450540351
09450542695
09450543405
09450545914
09450542339
09450548594
09450545691
09450544260
09450546784
09450548096
09450544348
09450542600
09450543994
09450541831
09450547341
09450548640
09450543358
09450543310
09450543664
09450543868
09450543442
09450543857
09450547463
09450549398
09450541512
09450542933
09450546580
09450543411
09450540917
09450547292
09450544074
09450540638
09450542834
09450540172
09450541401
09450542693
09450546760
09450549635
09450548904
09450548174
09450548472
09450544775
09450542024
09450547577
09450549234
09450541814
09450542848
09450549049
09450541819
09450544360
09450544656
09450544791
09450543173
09450541723
09450541556
09450544763
09450544773
09450547573
09450540104
09450540929
09450543800
09450547336
09450541515
09450540790
09450548291
09450540422
09450541606
09450543891
09450547306
09450540827
09450540118
09450549412
09450548067
09450545036
09450549458
09450544246
09450548612
09450546861
09450549080
09450548602
09450549536
09450543692
09450543506
09450544442
09450547909
09450540748
09450548313
09450540538
09450548034
09450545195
09450543162
09450547123
09450544405
09450545379
09450549520
09450548164
09450547608
09450548679
09450547575
09450548698
09450549096
09450543951
09450548278
09450545706
09450541270
09450542889
09450543205
09450543999
09450546110
09450542088
09450543915
09450544467
09450549507
09450548359
09450548994
09450544145
09450541752
09450543411
09450540585
09450549451
09450540351
09450540411
09450548938
09450543414
09450544646
09450545994
09450548313
09450546109
09450546988
09450544716
09450546129
09450543884
09450549451
09450549432
09450549730
09450543877
09450541893
09450540756
09450543044
09450545992
09450549131
09450547115
09450545849
09450543378
09450549395
09450549336
09450543509
09450545883
09450547255
09450544101
09450542702
09450546916
09450547976
09450549065
09450548354
09450548198
09450545581
09450545543
09450544345
09450544245
09450546071
09450543054
09450540798
09450545192
09450545194
09450549315
09450545357
09450545190
09450541675
09450548608
09450548659
09450542562
09450547698
09450540785
09450547631
09450549293
09450547351
09450540327
09450546119
09450544439
09450547038
09450543888
09450543816
09450548096
09450542296
09450548162
09450546284
09450544803
09450547683
09450549056
09450548540
09450548363
09450545135
09450543425
09450544424
09450542927
09450548354
09450544598
09450542520
09450542203
09450540751
09450545036
09450545074
09450541975
09450549369
09450543175
09450544596
09450544376
09450542072
09450544250
09450541822
09450549870
09450541556
09450542674
09450546282
09450542950
09450544483
09450541749
09450549052
09450549353
09450541292
09450548175
09450547319
09450549975
09450546713
09450548797
09450545036
09450543275
09450547036
09450541546
09450549466
09450541676
09450542790
09450544639
09450546492
09450540792
09450548933
09450541654
09450541633
09450549059
09450540189
09450544949
09450547686
09450546094
09450540070
09450541337
09450548257
09450540365
09450543015
09450547553
09450549466
09450544613
09450541611
09450548023
09450546492
09450548659
09450545964
09450540351
09450544815
09450540877
09450543091
09450544158
09450544409
09450547222
09450543909
09450542880
09450549237
09450542246
09450540376
09450547909
09450544232
09450548280
09450540591
09450544979
09450546186
09450544748
09450542186
09450548884
09450545365
09450540241
09450546538
09450547020
09450546053
09450544726
09450546848
09450544398
09450544439
09450548176
09450546620
09450548047
09450544471
09450548649
09450544645
09450540385
09450549412
09450547145
09450544755
09450543313
09450545081
09450544139
09450545656
09450540310
09450542210
09450547169
09450543676
09450549076
09450549387
09450543061
09450547129
09450542852
09450545091
09450546961
09450544569
09450543489
09450540863
09450547121
09450546530
09450549096
09450544268
09450549468
09450542633
09450540429
09450549136
09450540433
09450541623
09450542856
09450540073
09450549066
09450543254
09450545685
09450545854
09450542877
09450542235
09450549784
09450542064
09450541567
09450549525
09450547119
09450541358
09450546380
09450540607
09450548202
09450540595
09450541921
09450542935
09450549640
09450544314
09450547462
09450542179
09450549432
09450549597
09450544920
09450544495
09450541703
09450544829
09450542869
09450540310
09450542608
09450548399
09450543920
09450544702
09450549809
09450547575
09450547740
09450541575
09450544204
09450547692
09450540376
09450548516
09450545706
09450543741
09450544364
09450545156
09450548894
09450546191
09450542079
09450542226
09450546450
09450545342
09450543884
09450549407
09450543966
09450544592
09450549600
09450544970
09450544372
09450549716
09450547328
09450546861
09450543774
09450549930
09450549764
09450544374
09450543361
09450548678
09450547644
09450548678
09450540577
09450548707
09450547312
09450548290
09450543447
09450542172
09450542617
09450548814
09450542815
09450545562
09450546176
09450548284
09450547067
09450545518
09450541476
09450540693
09450544709
09450540514
09450544651
09450544621
09450540437
09450543205
09450546811
09450549310
09450540438
09450547193
09450540822
09450540699
09450549473
09450545019
09450545536
09450541945
09450547791
09450542549
09450549059
09450543304
09450541591
09450548068
09450543401
09450541947
09450544646
09450548491
09450544240
09450540301
09450540082
09450540216
09450549195
09450543621
09450547714
09450541361
09450543309
09450548619
09450546343
09450549880
09450541693
09450540256
09450544446
09450547575
09450543663
09450546176
09450546430
09450540667
09450547125
09450546788
09450547628
09450548405
09450547212
09450549943
09450548563
09450543993
09450542958
09450548443
09450548549
09450540643
09450542607
09450549076
09450543930
09450546059
09450548395
09450541599
09450542199
09450542069
09450548066
09450540434
09450548670
09450546378
09450545092
09450549049
09450546620
09450549815
09450548340
09450540146
09450542060
09450542856
09450549114
09450549542
09450546437
09450549803
09450548156
09450546903
09450542325
09450549707
09450547781
09450541630
09450540807
09450547347
09450541616
09450548702
09450541808
09450542942
09450545994
09450544751
09450549801
09450546904
09450546505
09450543532
09450540823
09450540724
09450545339
09450548237
09450542576
09450548405
09450541576
09450544980
09450542126
09450541953
09450545287
09450547662
09450544728
09450544471
09450543404
09450543378
09450549777
09450543847
09450540030
09450549407
09450542919
09450549133
09450541897
09450543047
09450541642
09450549822
09450544652
09450544769
09450542328
09450543912
09450541088
09450544803
09450541592
09450549744
09450542085
09450540238
09450545200
09450540286
09450540309
09450540967
09450541723
09450549461
09450543616
09450545870
09450543022
09450540935
09450544435
09450547338
09450546315
09450549781
09450541616
09450546443
09450547347
09450540062
09450541807
09450541572
09450540226
09450544208
09450546051
09450543018
09450540435
09450548238
09450548906
09450549969
09450542178
09450547720
09450546369
09450548104
09450548415
09450543833
09450540557
09450543455
09450540277
09450546712
09450546129
09450547147
09450542676
09450540739
09450549035
09450549480
09450540719
09450542653
09450549260
09450545737
09450540070
09450543491
09450541592
09450544494
09450548404
09450548869
09450543053
09450543247
09450546905
09450546984
09450544154
09450544458
09450542061
09450546166
09450549064
09450543306
09450547752
09450541665
09450547773
09450541591
09450546006
09450543875
09450547370
09450541574
09450541376
09450547193
09450549705
09450544573
09450542762
09450547608
09450544409
09450547618
09450540044
09450541524
09450548516
09450544581
09450544584
09450541355
09450541986
09450544258
09450547295
09450549635
09450541461
09450548197
09450549395
09450543247
09450549365
09450541702
09450548203
09450540020
09450548252
09450543649
09450548151
09450542336
09450548275
09450544584
09450544827
09450549958
09450547672
09450549025
09450542979
09450548167
09450542664
09450541512
09450549215
09450540161
09450542172
09450543508
09450546713
09450544688
09450542869
09450549398
09450546386
09450545978
09450541462
09450549668
09450545827
09450543945
09450540291
09450542404
09450544246
09450548334
09450544240
09450549941
